27097 0.001
24611 0.0011
22547 0.0012
20802 0.0013
19308 0.0014
18015 0.0015
16884 0.0016
15886 0.0017
15001 0.0018
14209 0.0019
13496 0.002
12851 0.0021
12266 0.0022
11731 0.0023
11241 0.0024
10791 0.0025
10375 0.0026
9989 0.0027
9632 0.0028
9299 0.0029
8988 0.003
8698 0.0031
8425 0.0032
8169 0.0033
7929 0.0034
7702 0.0035
7487 0.0036
7284 0.0037
7092 0.0038
6910 0.0039
6737 0.004
6572 0.0041
6415 0.0042
6266 0.0043
6123 0.0044
5986 0.0045
5856 0.0046
5731 0.0047
5611 0.0048
5497 0.0049
5386 0.005
5280 0.0051
5179 0.0052
5081 0.0053
4986 0.0054
4895 0.0055
4808 0.0056
4723 0.0057
4641 0.0058
4563 0.0059
4486 0.006
4413 0.0061
4341 0.0062
4272 0.0063
4205 0.0064
4140 0.0065
4077 0.0066
4016 0.0067
3957 0.0068
3899 0.0069
3843 0.007
3789 0.0071
3736 0.0072
3685 0.0073
3635 0.0074
3586 0.0075
3539 0.0076
3493 0.0077
3448 0.0078
3404 0.0079
3361 0.008
3320 0.0081
3279 0.0082
3239 0.0083
3201 0.0084
3163 0.0085
3126 0.0086
3090 0.0087
3054 0.0088
3020 0.0089
2986 0.009
2953 0.0091
2921 0.0092
2890 0.0093
2859 0.0094
2828 0.0095
2799 0.0096
2770 0.0097
2741 0.0098
2714 0.0099
2686 0.01
2660 0.0101
2633 0.0102
2608 0.0103
2582 0.0104
2558 0.0105
2534 0.0106
2510 0.0107
2486 0.0108
2463 0.0109
