2.27028 0
-13.4438 10000
-13.4438 20000
-13.4438 30000
-13.4438 40000
-13.4438 50000
-13.4438 60000
-13.4438 70000
-13.4438 80000
-13.4438 90000
-13.4438 100000
-13.4438 110000
-13.4438 120000
-13.4438 130000
-13.4438 140000
-13.4438 150000
-13.4438 160000
-13.4438 170000
-13.4438 180000
-13.4438 190000
-13.4438 200000
-13.4438 210000
-13.4438 220000
-13.4438 230000
-13.4438 240000
-13.4438 250000
-13.4438 260000
-13.4438 270000
-13.4438 280000
-13.4438 290000
-13.4438 300000
-13.4438 310000
-13.4438 320000
-13.4438 330000
-13.4438 340000
-13.4438 350000
-13.4438 360000
-13.4438 370000
-13.4438 380000
-13.4438 390000
-13.4438 400000
-13.4438 410000
-13.4438 420000
-13.4438 430000
-13.4438 440000
-13.4438 450000
-13.4438 460000
-13.4438 470000
-13.4438 480000
-13.4438 490000
-13.4438 500000
-13.4438 510000
-13.4438 520000
-13.4438 530000
-13.4438 540000
-13.4438 550000
-13.4438 560000
-13.4438 570000
-13.4438 580000
-13.4438 590000
-13.4438 600000
-13.4438 610000
-13.4438 620000
-13.4438 630000
-13.4438 640000
-13.4438 650000
-13.4438 660000
-13.4438 670000
-13.4438 680000
-13.4438 690000
-13.4438 700000
-13.4438 710000
-13.4438 720000
-13.4438 730000
-13.4438 740000
-13.4438 750000
-13.4438 760000
-13.4438 770000
-13.4438 780000
-13.4438 790000
-13.4438 800000
-13.4438 810000
-13.4438 820000
-13.4438 830000
-13.4438 840000
-13.4438 850000
-13.4438 860000
-13.4438 870000
-13.4438 880000
-13.4438 890000
-13.4438 900000
-13.4438 910000
-13.4438 920000
-13.4438 930000
-13.4438 940000
-13.4438 950000
-13.4438 960000
-13.4438 970000
-13.4438 980000
-13.4438 990000
-13.4438 1000000
-13.4438 1010000
-13.4438 1020000
-13.4438 1030000
-13.4438 1040000
-13.4438 1050000
-13.4438 1060000
-13.4438 1070000
-13.4438 1080000
-13.4438 1090000
-13.4438 1100000
-13.4438 1110000
-13.4438 1120000
-13.4438 1130000
-13.4438 1140000
-13.4438 1150000
-13.4438 1160000
-13.4438 1170000
-13.4438 1180000
-13.4438 1190000
-13.4438 1200000
-13.4438 1210000
-13.4438 1220000
-13.4438 1230000
-13.4438 1240000
-13.4438 1250000
-13.4438 1260000
-13.4438 1270000
-13.4438 1280000
-13.4438 1290000
-13.4438 1300000
-13.4438 1310000
-13.4438 1320000
-13.4438 1330000
-13.4438 1340000
-13.4438 1350000
-13.4438 1360000
-13.4438 1370000
-13.4438 1380000
-13.4438 1390000
-13.4438 1400000
-13.4438 1410000
-13.4438 1420000
-13.4438 1430000
-13.4438 1440000
-13.4438 1450000
-13.4438 1460000
-13.4438 1470000
-13.4438 1480000
-13.4438 1490000
-13.4438 1500000
-13.4438 1510000
-13.4438 1520000
-13.4438 1530000
-13.4438 1540000
-13.4438 1550000
-13.4438 1560000
-13.4438 1570000
-13.4438 1580000
-13.4438 1590000
-13.4438 1600000
-13.4438 1610000
-13.4438 1620000
-13.4438 1630000
-13.4438 1640000
-13.4438 1650000
-13.4438 1660000
-13.4438 1670000
-13.4438 1680000
-13.4438 1690000
-13.4438 1700000
-13.4438 1710000
-13.4438 1720000
-13.4438 1730000
-13.4438 1740000
-13.4438 1750000
-13.4438 1760000
-13.4438 1770000
-13.4438 1780000
-13.4438 1790000
-13.4438 1800000
-13.4438 1810000
-13.4438 1820000
-13.4438 1830000
-13.4438 1840000
-13.4438 1850000
-13.4438 1860000
-13.4438 1870000
-13.4438 1880000
-13.4438 1890000
-13.4438 1900000
-13.4438 1910000
-13.4438 1920000
-13.4438 1930000
-13.4438 1940000
-13.4438 1950000
-13.4438 1960000
-13.4438 1970000
-13.4438 1980000
-13.4438 1990000
-13.4438 2000000
-13.4438 2010000
-13.4438 2020000
-13.4438 2030000
-13.4438 2040000
-13.4438 2050000
-13.4438 2060000
-13.4438 2070000
-13.4438 2080000
-13.4438 2090000
-13.4438 2100000
-13.4438 2110000
-13.4438 2120000
-13.4438 2130000
-13.4438 2140000
-13.4438 2150000
-13.4438 2160000
-13.4438 2170000
-13.4438 2180000
-13.4438 2190000
-13.4438 2200000
-13.4438 2210000
-13.4438 2220000
-13.4438 2230000
-13.4438 2240000
-13.4438 2250000
-13.4438 2260000
-13.4438 2270000
-13.4438 2280000
-13.4438 2290000
-13.4438 2300000
-13.4438 2310000
-13.4438 2320000
-13.4438 2330000
-13.4438 2340000
-13.4438 2350000
-13.4438 2360000
-13.4438 2370000
-13.4438 2380000
-13.4438 2390000
-13.4438 2400000
-13.4438 2410000
-13.4438 2420000
-13.4438 2430000
-13.4438 2440000
-13.4438 2450000
-13.4438 2460000
-13.4438 2470000
-13.4438 2480000
-13.4438 2490000
-13.4438 2500000
-13.4438 2510000
-13.4438 2520000
-13.4438 2530000
-13.4438 2540000
-13.4438 2550000
-13.4438 2560000
-13.4438 2570000
-13.4438 2580000
-13.4438 2590000
-13.4438 2600000
-13.4438 2610000
-13.4438 2620000
-13.4438 2630000
-13.4438 2640000
-13.4438 2650000
-13.4438 2660000
-13.4438 2670000
-13.4438 2680000
-13.4438 2690000
-13.4438 2700000
-13.4438 2710000
-13.4438 2720000
-13.4438 2730000
-13.4438 2740000
-13.4438 2750000
-13.4438 2760000
-13.4438 2770000
-13.4438 2780000
-13.4438 2790000
-13.4438 2800000
-13.4438 2810000
-13.4438 2820000
-13.4438 2830000
-13.4438 2840000
-13.4438 2850000
-13.4438 2860000
-13.4438 2870000
-13.4438 2880000
-13.4438 2890000
-13.4438 2900000
-13.4438 2910000
-13.4438 2920000
-13.4438 2930000
-13.4438 2940000
-13.4438 2950000
-13.4438 2960000
-13.4438 2970000
-13.4438 2980000
-13.4438 2990000
-13.4438 3000000
-13.4438 3010000
-13.4438 3020000
-13.4438 3030000
-13.4438 3040000
-13.4438 3050000
-13.4438 3060000
-13.4438 3070000
-13.4438 3080000
-13.4438 3090000
-13.4438 3100000
-13.4438 3110000
-13.4438 3120000
-13.4438 3130000
-13.4438 3140000
-13.4438 3150000
-13.4438 3160000
-13.4438 3170000
-13.4438 3180000
-13.4438 3190000
-13.4438 3200000
-13.4438 3210000
-13.4438 3220000
-13.4438 3230000
-13.4438 3240000
-13.4438 3250000
-13.4438 3260000
-13.4438 3270000
-13.4438 3280000
-13.4438 3290000
-13.4438 3300000
-13.4438 3310000
-13.4438 3320000
-13.4438 3330000
-13.4438 3340000
-13.4438 3350000
-13.4438 3360000
-13.4438 3370000
-13.4438 3380000
-13.4438 3390000
-13.4438 3400000
-13.4438 3410000
-13.4438 3420000
-13.4438 3430000
-13.4438 3440000
-13.4438 3450000
-13.4438 3460000
-13.4438 3470000
-13.4438 3480000
-13.4438 3490000
-13.4438 3500000
-13.4438 3510000
-13.4438 3520000
-13.4438 3530000
-13.4438 3540000
-13.4438 3550000
-13.4438 3560000
-13.4438 3570000
-13.4438 3580000
-13.4438 3590000
-13.4438 3600000
-13.4438 3610000
-13.4438 3620000
-13.4438 3630000
-13.4438 3640000
-13.4438 3650000
-13.4438 3660000
-13.4438 3670000
-13.4438 3680000
-13.4438 3690000
-13.4438 3700000
-13.4438 3710000
-13.4438 3720000
-13.4438 3730000
-13.4438 3740000
-13.4438 3750000
-13.4438 3760000
-13.4438 3770000
-13.4438 3780000
-13.4438 3790000
-13.4438 3800000
-13.4438 3810000
-13.4438 3820000
-13.4438 3830000
-13.4438 3840000
-13.4438 3850000
-13.4438 3860000
-13.4438 3870000
-13.4438 3880000
-13.4438 3890000
-13.4438 3900000
-13.4438 3910000
-13.4438 3920000
-13.4438 3930000
-13.4438 3940000
-13.4438 3950000
-13.4438 3960000
-13.4438 3970000
-13.4438 3980000
-13.4438 3990000
-13.4438 4000000
-13.4438 4010000
-13.4438 4020000
-13.4438 4030000
-13.4438 4040000
-13.4438 4050000
-13.4438 4060000
-13.4438 4070000
-13.4438 4080000
-13.4438 4090000
-13.4438 4100000
-13.4438 4110000
-13.4438 4120000
-13.4438 4130000
-13.4438 4140000
-13.4438 4150000
-13.4438 4160000
-13.4438 4170000
-13.4438 4180000
-13.4438 4190000
-13.4438 4200000
-13.4438 4210000
-13.4438 4220000
-13.4438 4230000
-13.4438 4240000
-13.4438 4250000
-13.4438 4260000
-13.4438 4270000
-13.4438 4280000
-13.4438 4290000
-13.4438 4300000
-13.4438 4310000
-13.4438 4320000
-13.4438 4330000
-13.4438 4340000
-13.4438 4350000
-13.4438 4360000
-13.4438 4370000
-13.4438 4380000
-13.4438 4390000
-13.4438 4400000
-13.4438 4410000
-13.4438 4420000
-13.4438 4430000
-13.4438 4440000
-13.4438 4450000
-13.4438 4460000
-13.4438 4470000
-13.4438 4480000
-13.4438 4490000
-13.4438 4500000
-13.4438 4510000
-13.4438 4520000
-13.4438 4530000
-13.4438 4540000
-13.4438 4550000
-13.4438 4560000
-13.4438 4570000
-13.4438 4580000
-13.4438 4590000
-13.4438 4600000
-13.4438 4610000
-13.4438 4620000
-13.4438 4630000
-13.4438 4640000
-13.4438 4650000
-13.4438 4660000
-13.4438 4670000
-13.4438 4680000
-13.4438 4690000
-13.4438 4700000
-13.4438 4710000
-13.4438 4720000
-13.4438 4730000
-13.4438 4740000
-13.4438 4750000
-13.4438 4760000
-13.4438 4770000
-13.4438 4780000
-13.4438 4790000
-13.4438 4800000
-13.4438 4810000
-13.4438 4820000
-13.4438 4830000
-13.4438 4840000
-13.4438 4850000
-13.4438 4860000
-13.4438 4870000
-13.4438 482.27028 0
-13.4438 10000
-13.4438 20000
-13.4438 30000
-13.4438 40000
-13.4438 50000
-13.4438 60000
-13.4438 70000
-13.4438 80000
-13.4438 90000
-13.4438 100000
-13.4438 110000
-13.4438 120000
-13.4438 130000
-13.4438 140000
-13.4438 150000
-13.4438 160000
-13.4438 170000
-13.4438 180000
-13.4438 190000
-13.4438 200000
-13.4438 210000
-13.4438 220000
-13.4438 230000
-13.4438 240000
-13.4438 250000
-13.4438 260000
-13.4438 270000
-13.4438 280000
-13.4438 290000
-13.4438 300000
-13.4438 310000
-13.4438 320000
-13.4438 330000
-13.4438 340000
-13.4438 350000
-13.4438 360000
-13.4438 370000
-13.4438 380000
-13.4438 390000
-13.4438 400000
-13.4438 410000
-13.4438 420000
-13.4438 430000
-13.4438 440000
-13.4438 450000
-13.4438 460000
-13.4438 470000
-13.4438 480000
-13.4438 490000
-13.4438 500000
-13.4438 510000
-13.4438 520000
-13.4438 530000
-13.4438 540000
-13.4438 550000
-13.4438 560000
-13.4438 570000
-13.4438 580000
-13.4438 590000
-13.4438 600000
-13.4438 610000
-13.4438 620000
-13.4438 630000
-13.4438 640000
-13.4438 650000
-13.4438 660000
-13.4438 670000
-13.4438 680000
-13.4438 690000
-13.4438 700000
-13.4438 710000
-13.4438 720000
-13.4438 730000
-13.4438 740000
-13.4438 750000
-13.4438 760000
-13.4438 770000
-13.4438 780000
-13.4438 790000
-13.4438 800000
-13.4438 810000
-13.4438 820000
-13.4438 830000
-13.4438 840000
-13.4438 850000
-13.4438 860000
-13.4438 870000
-13.4438 880000
-13.4438 890000
-13.4438 900000
-13.4438 910000
-13.4438 920000
-13.4438 930000
-13.4438 940000
-13.4438 950000
-13.4438 960000
-13.4438 970000
-13.4438 980000
-13.4438 990000
-13.4438 1000000
-13.4438 1010000
-13.4438 1020000
-13.4438 1030000
-13.4438 1040000
-13.4438 1050000
-13.4438 1060000
-13.4438 1070000
-13.4438 1080000
-13.4438 1090000
-13.4438 1100000
-13.4438 1110000
-13.4438 1120000
-13.4438 1130000
-13.4438 1140000
-13.4438 1150000
-13.4438 1160000
-13.4438 1170000
-13.4438 1180000
-13.4438 1190000
-13.4438 1200000
-13.4438 1210000
-13.4438 1220000
-13.4438 1230000
-13.4438 1240000
-13.4438 1250000
-13.4438 1260000
-13.4438 1270000
-13.4438 1280000
-13.4438 1290000
-13.4438 1300000
-13.4438 1310000
-13.4438 1320000
-13.4438 1330000
-13.4438 1340000
-13.4438 1350000
-13.4438 1360000
-13.4438 1370000
-13.4438 1380000
-13.4438 1390000
-13.4438 1400000
-13.4438 1410000
-13.4438 1420000
-13.4438 1430000
-13.4438 1440000
-13.4438 1450000
-13.4438 1460000
-13.4438 1470000
-13.4438 1480000
-13.4438 1490000
-13.4438 1500000
-13.4438 1510000
-13.4438 1520000
-13.4438 1530000
-13.4438 1540000
-13.4438 1550000
-13.4438 1560000
-13.4438 1570000
-13.4438 1580000
-13.4438 1590000
-13.4438 1600000
-13.4438 1610000
-13.4438 1620000
-13.4438 1630000
-13.4438 1640000
-13.4438 1650000
-13.4438 1660000
-13.4438 1670000
-13.4438 1680000
-13.4438 1690000
-13.4438 1700000
-13.4438 1710000
-13.4438 1720000
-13.4438 1730000
-13.4438 1740000
-13.4438 1750000
-13.4438 1760000
-13.4438 1770000
-13.4438 1780000
-13.4438 1790000
-13.4438 1800000
-13.4438 1810000
-13.4438 1820000
-13.4438 1830000
-13.4438 1840000
-13.4438 1850000
-13.4438 1860000
-13.4438 1870000
-13.4438 1880000
-13.4438 1890000
-13.4438 1900000
-13.4438 1910000
-13.4438 1920000
-13.4438 1930000
-13.4438 1940000
-13.4438 1950000
-13.4438 1960000
-13.4438 1970000
-13.4438 1980000
-13.4438 1990000
-13.4438 2000000
-13.4438 2010000
-13.4438 2020000
-13.4438 2030000
-13.4438 2040000
-13.4438 2050000
-13.4438 2060000
-13.4438 2070000
-13.4438 2080000
-13.4438 2090000
-13.4438 2100000
-13.4438 2110000
-13.4438 2120000
-13.4438 2130000
-13.4438 2140000
-13.4438 2150000
-13.4438 2160000
-13.4438 2170000
-13.4438 2180000
-13.4438 2190000
-13.4438 2200000
-13.4438 2210000
-13.4438 2220000
-13.4438 2230000
-13.4438 2240000
-13.4438 2250000
-13.4438 2260000
-13.4438 2270000
-13.4438 2280000
-13.4438 2290000
-13.4438 2300000
-13.4438 2310000
-13.4438 2320000
-13.4438 2330000
-13.4438 2340000
-13.4438 2350000
-13.4438 2360000
-13.4438 2370000
-13.4438 2380000
-13.4438 2390000
-13.4438 2400000
-13.4438 2410000
-13.4438 2420000
-13.4438 2430000
-13.4438 2440000
-13.4438 2450000
-13.4438 2460000
-13.4438 2470000
-13.4438 2480000
-13.4438 2490000
-13.4438 2500000
-13.4438 2510000
-13.4438 2520000
-13.4438 2530000
-13.4438 2540000
-13.4438 2550000
-13.4438 2560000
-13.4438 2570000
-13.4438 2580000
-13.4438 2590000
-13.4438 2600000
-13.4438 2610000
-13.4438 2620000
-13.4438 2630000
-13.4438 2640000
-13.4438 2650000
-13.4438 2660000
-13.4438 2670000
-13.4438 2680000
-13.4438 2690000
-13.4438 2700000
-13.4438 2710000
-13.4438 2720000
-13.4438 2730000
-13.4438 2740000
-13.4438 2750000
-13.4438 2760000
-13.4438 2770000
-13.4438 2780000
-13.4438 2790000
-13.4438 2800000
-13.4438 2810000
-13.4438 2820000
-13.4438 2830000
-13.4438 2840000
-13.4438 2850000
-13.4438 2860000
-13.4438 2870000
-13.4438 2880000
-13.4438 2890000
-13.4438 2900000
-13.4438 2910000
-13.4438 2920000
-13.4438 2930000
-13.4438 2940000
-13.4438 2950000
-13.4438 2960000
-13.4438 2970000
-13.4438 2980000
-13.4438 2990000
-13.4438 3000000
-13.4438 3010000
-13.4438 3020000
-13.4438 3030000
-13.4438 3040000
-13.4438 3050000
-13.4438 3060000
-13.4438 3070000
-13.4438 3080000
-13.4438 3090000
-13.4438 3100000
-13.4438 3110000
-13.4438 3120000
-13.4438 3130000
-13.4438 3140000
-13.4438 3150000
-13.4438 3160000
-13.4438 3170000
-13.4438 3180000
-13.4438 3190000
-13.4438 3200000
-13.4438 3210000
-13.4438 3220000
-13.4438 3230000
-13.4438 3240000
-13.4438 3250000
-13.4438 3260000
-13.4438 3270000
-13.4438 3280000
-13.4438 3290000
-13.4438 3300000
-13.4438 3310000
-13.4438 3320000
-13.4438 3330000
-13.4438 3340000
-13.4438 3350000
-13.4438 3360000
-13.4438 3370000
-13.4438 3380000
-13.4438 3390000
-13.4438 3400000
-13.4438 3410000
-13.4438 3420000
-13.4438 3430000
-13.4438 3440000
-13.4438 3450000
-13.4438 3460000
-13.4438 3470000
-13.4438 3480000
-13.4438 3490000
-13.4438 3500000
-13.4438 3510000
-13.4438 3520000
-13.4438 3530000
-13.4438 3540000
-13.4438 3550000
-13.4438 3560000
-13.4438 3570000
-13.4438 3580000
-13.4438 3590000
-13.4438 3600000
-13.4438 3610000
-13.4438 3620000
-13.4438 3630000
-13.4438 3640000
-13.4438 3650000
-13.4438 3660000
-13.4438 3670000
-13.4438 3680000
-13.4438 3690000
-13.4438 3700000
-13.4438 3710000
-13.4438 3720000
-13.4438 3730000
-13.4438 3740000
-13.4438 3750000
-13.4438 3760000
-13.4438 3770000
-13.4438 3780000
-13.4438 3790000
-13.4438 3800000
-13.4438 3810000
-13.4438 3820000
-13.4438 3830000
-13.4438 3840000
-13.4438 3850000
-13.4438 3860000
-13.4438 3870000
-13.4438 3880000
-13.4438 3890000
-13.4438 3900000
-13.4438 3910000
-13.4438 3920000
-13.4438 3930000
-13.4438 3940000
-13.4438 3950000
-13.4438 3960000
-13.4438 3970000
-13.4438 3980000
-13.4438 3990000
-13.4438 4000000
-13.4438 4010000
-13.4438 4020000
-13.4438 4030000
-13.4438 4040000
-13.4438 4050000
-13.4438 4060000
-13.4438 4070000
-13.4438 4080000
-13.4438 4090000
-13.4438 4100000
-13.4438 4110000
-13.4438 4120000
-13.4438 4130000
-13.4438 4140000
-13.4438 4150000
-13.4438 4160000
-13.4438 4170000
-13.4438 4180000
-13.4438 4190000
-13.4438 4200000
-13.4438 4210000
-13.4438 4220000
-13.4438 4230000
-13.4438 4240000
-13.4438 4250000
-13.4438 4260000
-13.4438 4270000
-13.4438 4280000
-13.4438 4290000
-13.4438 4300000
-13.4438 4310000
-13.4438 4320000
-13.4438 4330000
-13.4438 4340000
-13.4438 4350000
-13.4438 4360000
-13.4438 4370000
-13.4438 4380000
-13.4438 4390000
-13.4438 4400000
-13.4438 4410000
-13.4438 4420000
-13.4438 4430000
-13.4438 4440000
-13.4438 4450000
-13.4438 4460000
-13.4438 4470000
-13.4438 4480000
-13.4438 4490000
-13.4438 4500000
-13.4438 4510000
-13.4438 4520000
-13.4438 4530000
-13.4438 4540000
-13.4438 4550000
-13.4438 4560000
-13.4438 4570000
-13.4438 4580000
-13.4438 4590000
-13.4438 4600000
-13.4438 4610000
-13.4438 4620000
-13.4438 4630000
-13.4438 4640000
-13.4438 4650000
-13.4438 4660000
-13.4438 4670000
-13.4438 4680000
-13.4438 4690000
-13.4438 4700000
-13.4438 4710000
-13.4438 4720000
-13.4438 4730000
-13.4438 4740000
-13.4438 4750000
-13.4438 4760000
-13.4438 4770000
-13.4438 4780000
-13.4438 4790000
-13.4438 4800000
-13.4438 4810000
-13.4438 4820000
-13.4438 4830000
-13.4438 4840000
-13.4438 4850000
-13.4438 4860000
-13.4438 4870000
-13.4438 4880000
-13.4438 4890000
-13.4438 4900000
-13.4438 4910000
-13.4438 4920000
-13.4438 4930000
-13.4438 4940000
-13.4438 4950000
-13.4438 4960000
-13.4438 4970000
-13.4438 4980000
-13.4438 4990000
-13.4438 5000000
-13.4438 5010000
-13.4438 5020000
-13.4438 5030000
-13.4438 5040000
-13.4438 5050000
-13.4438 5060000
-13.4438 5070000
-13.4438 5080000
-13.4438 5090000
-13.4438 5100000
-13.4438 5110000
-13.4438 5120000
-13.4438 5130000
-13.4438 5140000
-13.4438 5150000
-13.4438 5160000
-13.4438 5170000
-13.4438 5180000
-13.4438 5190000
-13.4438 5200000
-13.4438 5210000
-13.4438 5220000
-13.4438 5230000
-13.4438 5240000
-13.4438 5250000
-13.4438 5260000
-13.4438 5270000
-13.4438 5280000
-13.4438 5290000
-13.4438 5300000
-13.4438 5310000
-13.4438 5320000
-13.4438 5330000
-13.4438 5340000
-13.4438 5350000
-13.4438 5360000
-13.4438 5370000
-13.4438 5380000
-13.4438 5390000
-13.4438 5400000
-13.4438 5410000
-13.4438 5420000
-13.4438 5430000
-13.4438 5440000
-13.4438 5450000
-13.4438 5460000
-13.4438 5470000
-13.4438 5480000
-13.4438 5490000
-13.4438 5500000
-13.4438 5510000
-13.4438 5520000
-13.4438 5530000
-13.4438 5540000
-13.4438 5550000
-13.4438 5560000
-13.4438 5570000
-13.4438 5580000
-13.4438 5590000
-13.4438 5600000
-13.4438 5610000
-13.4438 5620000
-13.4438 5630000
-13.4438 5640000
-13.4438 5650000
-13.4438 5660000
-13.4438 5670000
-13.4438 5680000
-13.4438 5690000
-13.4438 5700000
-13.4438 5710000
-13.4438 5720000
-13.4438 5730000
-13.4438 5740000
-13.4438 5750000
-13.4438 5760000
-13.4438 5770000
-13.4438 5780000
-13.4438 5790000
-13.4438 5800000
-13.4438 5810000
-13.4438 5820000
-13.4438 5830000
-13.4438 5840000
-13.4438 5850000
-13.4438 5860000
-13.4438 5870000
-13.4438 5880000
-13.4438 5890000
-13.4438 5900000
-13.4438 5910000
-13.4438 5920000
-13.4438 5930000
-13.4438 5940000
-13.4438 5950000
-13.4438 5960000
-13.4438 5970000
-13.4438 5980000
-13.4438 5990000
-13.4438 6000000
-13.4438 6010000
-13.4438 6020000
-13.4438 6030000
-13.4438 6040000
-13.4438 6050000
-13.4438 6060000
-13.4438 6070000
-13.4438 6080000
-13.4438 6090000
-13.4438 6100000
-13.4438 6110000
-13.4438 6120000
-13.4438 6130000
-13.4438 6140000
-13.4438 6150000
-13.4438 6160000
-13.4438 6170000
-13.4438 6180000
-13.4438 6190000
-13.4438 6200000
-13.4438 6210000
-13.4438 6220000
-13.4438 6230000
-13.4438 6240000
-13.4438 6250000
-13.4438 6260000
-13.4438 6270000
-13.4438 6280000
-13.4438 6290000
-13.4438 6300000
-13.4438 6310000
-13.4438 6320000
-13.4438 6330000
-13.4438 6340000
-13.4438 6350000
-13.4438 6360000
-13.4438 6370000
-13.4438 6380000
-13.4438 6390000
-13.4438 6400000
-13.4438 6410000
-13.4438 6420000
-13.4438 6430000
-13.4438 6440000
-13.4438 6450000
-13.4438 6460000
-13.4438 6470000
-13.4438 6480000
-13.4438 6490000
-13.4438 6500000
-13.4438 6510000
-13.4438 6520000
-13.4438 6530000
-13.4438 6540000
-13.4438 6550000
-13.4438 6560000
-13.4438 6570000
-13.4438 6580000
-13.4438 6590000
-13.4438 6600000
-13.4438 6610000
-13.4438 6620000
-13.4438 6630000
-13.4438 6640000
-13.4438 6650000
-13.4438 6660000
-13.4438 6670000
-13.4438 6680000
-13.4438 6690000
-13.4438 6700000
-13.4438 6710000
-13.4438 6720000
-13.4438 6730000
-13.4438 6740000
-13.4438 6750000
-13.4438 6760000
-13.4438 6770000
-13.4438 6780000
-13.4438 6790000
-13.4438 6800000
-13.4438 6810000
-13.4438 6820000
-13.4438 6830000
-13.4438 6840000
-13.4438 6850000
-13.4438 6860000
-13.4438 6870000
-13.4438 6880000
-13.4438 6890000
-13.4438 6900000
-13.4438 6910000
-13.4438 6920000
-13.4438 6930000
-13.4438 6940000
-13.4438 6950000
-13.4438 6960000
-13.4438 6970000
-13.4438 6980000
-13.4438 6990000
-13.4438 7000000
-13.4438 7010000
-13.4438 7020000
-13.4438 7030000
-13.4438 7040000
-13.4438 7050000
-13.4438 7060000
-13.4438 7070000
-13.4438 7080000
-13.4438 7090000
-13.4438 7100000
-13.4438 7110000
-13.4438 7120000
-13.4438 7130000
-13.4438 7140000
-13.4438 7150000
-13.4438 7160000
-13.4438 7170000
-13.4438 7180000
-13.4438 7190000
-13.4438 7200000
-13.4438 7210000
-13.4438 7220000
-13.4438 7230000
-13.4438 7240000
-13.4438 7250000
-13.4438 7260000
-13.4438 7270000
-13.4438 7280000
-13.4438 7290000
-13.4438 7300000
-13.4438 7310000
-13.4438 7320000
-13.4438 7330000
-13.4438 7340000
-13.4438 7350000
-13.4438 7360000
-13.4438 7370000
-13.4438 7380000
-13.4438 7390000
-13.4438 7400000
-13.4438 7410000
-13.4438 7420000
-13.4438 7430000
-13.4438 7440000
-13.4438 7450000
-13.4438 7460000
-13.4438 7470000
-13.4438 7480000
-13.4438 7490000
-13.4438 7500000
-13.4438 7510000
-13.4438 7520000
-13.4438 7530000
-13.4438 7540000
-13.4438 7550000
-13.4438 7560000
-13.4438 7570000
-13.4438 7580000
-13.4438 7590000
-13.4438 7600000
-13.4438 7610000
-13.4438 7620000
-13.4438 7630000
-13.4438 7640000
-13.4438 7650000
-13.4438 7660000
-13.4438 7670000
-13.4438 7680000
-13.4438 7690000
-13.4438 7700000
-13.4438 7710000
-13.4438 7720000
-13.4438 7730000
-13.4438 7740000
-13.4438 7750000
-13.4438 7760000
-13.4438 7770000
-13.4438 7780000
-13.4438 7790000
-13.4438 7800000
-13.4438 7810000
-13.4438 7820000
-13.4438 7830000
-13.4438 7840000
-13.4438 7850000
-13.4438 7860000
-13.4438 7870000
-13.4438 7880000
-13.4438 7890000
-13.4438 7900000
-13.4438 7910000
-13.4438 7920000
-13.4438 7930000
-13.4438 7940000
-13.4438 7950000
-13.4438 7960000
-13.4438 7970000
-13.4438 7980000
-13.4438 7990000
-13.4438 8000000
-13.4438 8010000
-13.4438 8020000
-13.4438 8030000
-13.4438 8040000
-13.4438 8050000
-13.4438 8060000
-13.4438 8070000
-13.4438 8080000
-13.4438 8090000
-13.4438 8100000
-13.4438 8110000
-13.4438 8120000
-13.4438 8130000
-13.4438 8140000
-13.4438 8150000
-13.4438 8160000
-13.4438 8170000
-13.4438 8180000
-13.4438 8190000
-13.4438 8200000
-13.4438 8210000
-13.4438 8220000
-13.4438 8230000
-13.4438 8240000
-13.4438 8250000
-13.4438 8260000
-13.4438 8270000
-13.4438 8280000
-13.4438 8290000
-13.4438 8300000
-13.4438 8310000
-13.4438 8320000
-13.4438 8330000
-13.4438 8340000
-13.4438 8350000
-13.4438 8360000
-13.4438 8370000
-13.4438 8380000
-13.4438 8390000
-13.4438 8400000
-13.4438 8410000
-13.4438 8420000
-13.4438 8430000
-13.4438 8440000
-13.4438 8450000
-13.4438 8460000
-13.4438 8470000
-13.4438 8480000
-13.4438 8490000
-13.4438 8500000
-13.4438 8510000
-13.4438 8520000
-13.4438 8530000
-13.4438 8540000
-13.4438 8550000
-13.4438 8560000
-13.4438 8570000
-13.4438 8580000
-13.4438 8590000
-13.4438 8600000
-13.4438 8610000
-13.4438 8620000
-13.4438 8630000
-13.4438 8640000
-13.4438 8650000
-13.4438 8660000
-13.4438 8670000
-13.4438 8680000
-13.4438 8690000
-13.4438 8700000
-13.4438 8710000
-13.4438 8720000
-13.4438 8730000
-13.4438 8740000
-13.4438 8750000
-13.4438 8760000
-13.4438 8770000
-13.4438 8780000
-13.4438 8790000
-13.4438 8800000
-13.4438 8810000
-13.4438 8820000
-13.4438 8830000
-13.4438 8840000
-13.4438 8850000
-13.4438 8860000
-13.4438 8870000
-13.4438 8880000
-13.4438 8890000
-13.4438 8900000
-13.4438 8910000
-13.4438 8920000
-13.4438 8930000
-13.4438 8940000
-13.4438 8950000
-13.4438 8960000
-13.4438 8970000
-13.4438 8980000
-13.4438 8990000
-13.4438 9000000
-13.4438 9010000
-13.4438 9020000
-13.4438 9030000
-13.4438 9040000
-13.4438 9050000
-13.4438 9060000
-13.4438 9070000
-13.4438 9080000
-13.4438 9090000
-13.4438 9100000
-13.4438 9110000
-13.4438 9120000
-13.4438 9130000
-13.4438 9140000
-13.4438 9150000
-13.4438 9160000
-13.4438 9170000
-13.4438 9180000
-13.4438 9190000
-13.4438 9200000
-13.4438 9210000
-13.4438 9220000
-13.4438 9230000
-13.4438 9240000
-13.4438 9250000
-13.4438 9260000
-13.4438 9270000
-13.4438 9280000
-13.4438 9290000
-13.4438 9300000
-13.4438 9310000
-13.4438 9320000
-13.4438 9330000
-13.4438 9340000
-13.4438 9350000
-13.4438 9360000
-13.4438 9370000
-13.4438 9380000
-13.4438 9390000
-13.4438 9400000
-13.4438 9410000
-13.4438 9420000
-13.4438 9430000
-13.4438 9440000
-13.4438 9450000
-13.4438 9460000
-13.4438 9470000
-13.4438 9480000
-13.4438 9490000
-13.4438 9500000
-13.4438 9510000
-13.4438 9520000
-13.4438 9530000
-13.4438 9540000
-13.4438 9550000
-13.4438 9560000
-13.4438 9570000
-13.4438 9580000
-13.4438 9590000
-13.4438 9600000
-13.4438 9610000
-13.4438 9620000
-13.4438 9630000
-13.4438 9640000
-13.4438 9650000
-13.4438 9660000
-13.4438 9670000
-13.4438 9680000
-13.4438 9690000
-13.4438 1.04927 0
2.27028 0
